Level	Amazon	Sorceress	Necromancer	Paladin	Barbarian	Druid	Assassin	Warlock	ExpRatio
MaxLvl	127	127	127	127	127	127	127	127	10
0	0	0	0	0	0	0	0	0	1024
1	500	500	500	500	500	500	500	500	1024
2	567	567	567	567	567	567	567	567	1024
3	643	643	643	643	643	643	643	643	1024
4	730	730	730	730	730	730	730	730	1024
5	828	828	828	828	828	828	828	828	1024
6	940	940	940	940	940	940	940	940	1024
7	1066	1066	1066	1066	1066	1066	1066	1066	1024
8	1209	1209	1209	1209	1209	1209	1209	1209	1024
9	1372	1372	1372	1372	1372	1372	1372	1372	1024
10	1556	1556	1556	1556	1556	1556	1556	1556	1024
11	1765	1765	1765	1765	1765	1765	1765	1765	1024
12	2003	2003	2003	2003	2003	2003	2003	2003	1024
13	2272	2272	2272	2272	2272	2272	2272	2272	1024
14	2577	2577	2577	2577	2577	2577	2577	2577	1024
15	2924	2924	2924	2924	2924	2924	2924	2924	1024
16	3317	3317	3317	3317	3317	3317	3317	3317	1024
17	3763	3763	3763	3763	3763	3763	3763	3763	1024
18	4269	4269	4269	4269	4269	4269	4269	4269	1024
19	4843	4843	4843	4843	4843	4843	4843	4843	1024
20	5494	5494	5494	5494	5494	5494	5494	5494	1024
21	6233	6233	6233	6233	6233	6233	6233	6233	1024
22	7071	7071	7071	7071	7071	7071	7071	7071	1024
23	8022	8022	8022	8022	8022	8022	8022	8022	1024
24	9100	9100	9100	9100	9100	9100	9100	9100	1024
25	10324	10324	10324	10324	10324	10324	10324	10324	1024
26	11712	11712	11712	11712	11712	11712	11712	11712	1024
27	13287	13287	13287	13287	13287	13287	13287	13287	1024
28	15073	15073	15073	15073	15073	15073	15073	15073	1024
29	17100	17100	17100	17100	17100	17100	17100	17100	1024
30	19399	19399	19399	19399	19399	19399	19399	19399	1024
31	22007	22007	22007	22007	22007	22007	22007	22007	1024
32	24966	24966	24966	24966	24966	24966	24966	24966	1024
33	28323	28323	28323	28323	28323	28323	28323	28323	1024
34	32131	32131	32131	32131	32131	32131	32131	32131	1024
35	36451	36451	36451	36451	36451	36451	36451	36451	1024
36	41352	41352	41352	41352	41352	41352	41352	41352	1024
37	46912	46912	46912	46912	46912	46912	46912	46912	1024
38	53219	53219	53219	53219	53219	53219	53219	53219	1024
39	60375	60375	60375	60375	60375	60375	60375	60375	1024
40	68492	68492	68492	68492	68492	68492	68492	68492	1024
41	77701	77701	77701	77701	77701	77701	77701	77701	1024
42	88148	88148	88148	88148	88148	88148	88148	88148	1024
43	100000	100000	100000	100000	100000	100000	100000	100000	1024
44	113445	113445	113445	113445	113445	113445	113445	113445	1024
45	128698	128698	128698	128698	128698	128698	128698	128698	1024
46	146002	146002	146002	146002	146002	146002	146002	146002	1024
47	165633	165633	165633	165633	165633	165633	165633	165633	1024
48	187902	187902	187902	187902	187902	187902	187902	187902	1024
49	213166	213166	213166	213166	213166	213166	213166	213166	1024
50	241827	241827	241827	241827	241827	241827	241827	241827	1024
51	274341	274341	274341	274341	274341	274341	274341	274341	1024
52	311227	311227	311227	311227	311227	311227	311227	311227	1024
53	353073	353073	353073	353073	353073	353073	353073	353073	1024
54	400544	400544	400544	400544	400544	400544	400544	400544	1024
55	454399	454399	454399	454399	454399	454399	454399	454399	1024
56	515494	515494	515494	515494	515494	515494	515494	515494	1024
57	584804	584804	584804	584804	584804	584804	584804	584804	1024
58	663432	663432	663432	663432	663432	663432	663432	663432	1024
59	752632	752632	752632	752632	752632	752632	752632	752632	1024
60	853826	853826	853826	853826	853826	853826	853826	853826	1024
61	968625	968625	968625	968625	968625	968625	968625	968625	1024
62	1098859	1098859	1098859	1098859	1098859	1098859	1098859	1098859	1024
63	1246604	1246604	1246604	1246604	1246604	1246604	1246604	1246604	1024
64	1414214	1414214	1414214	1414214	1414214	1414214	1414214	1414214	1024
65	1604359	1604359	1604359	1604359	1604359	1604359	1604359	1604359	1024
66	1820069	1820069	1820069	1820069	1820069	1820069	1820069	1820069	1024
67	2064782	2064782	2064782	2064782	2064782	2064782	2064782	2064782	1024
68	2342398	2342398	2342398	2342398	2342398	2342398	2342398	2342398	1024
69	2657340	2657340	2657340	2657340	2657340	2657340	2657340	2657340	1024
70	3014627	3014627	3014627	3014627	3014627	3014627	3014627	3014627	934
71	3419952	3419952	3419952	3419952	3419952	3419952	3419952	3419952	852
72	3879774	3879774	3879774	3879774	3879774	3879774	3879774	3879774	778
73	4401420	4401420	4401420	4401420	4401420	4401420	4401420	4401420	709
74	4993204	4993204	4993204	4993204	4993204	4993204	4993204	4993204	647
75	5664554	5664554	5664554	5664554	5664554	5664554	5664554	5664554	590
76	6426169	6426169	6426169	6426169	6426169	6426169	6426169	6426169	539
77	7290185	7290185	7290185	7290185	7290185	7290185	7290185	7290185	491
78	8270371	8270371	8270371	8270371	8270371	8270371	8270371	8270371	448
79	9382346	9382346	9382346	9382346	9382346	9382346	9382346	9382346	409
80	10643828	10643828	10643828	10643828	10643828	10643828	10643828	10643828	373
81	12074921	12074921	12074921	12074921	12074921	12074921	12074921	12074921	340
82	13698427	13698427	13698427	13698427	13698427	13698427	13698427	13698427	311
83	15540219	15540219	15540219	15540219	15540219	15540219	15540219	15540219	283
84	17629645	17629645	17629645	17629645	17629645	17629645	17629645	17629645	259
85	20000000	20000000	20000000	20000000	20000000	20000000	20000000	20000000	236
86	22689056	22689056	22689056	22689056	22689056	22689056	22689056	22689056	215
87	25739663	25739663	25739663	25739663	25739663	25739663	25739663	25739663	196
88	29200432	29200432	29200432	29200432	29200432	29200432	29200432	29200432	179
89	33126512	33126512	33126512	33126512	33126512	33126512	33126512	33126512	163
90	37580464	37580464	37580464	37580464	37580464	37580464	37580464	37580464	149
91	42633262	42633262	42633262	42633262	42633262	42633262	42633262	42633262	136
92	48365424	48365424	48365424	48365424	48365424	48365424	48365424	48365424	124
93	54868290	54868290	54868290	54868290	54868290	54868290	54868290	54868290	113
94	62245485	62245485	62245485	62245485	62245485	62245485	62245485	62245485	103
95	70614564	70614564	70614564	70614564	70614564	70614564	70614564	70614564	94
96	80108889	80108889	80108889	80108889	80108889	80108889	80108889	80108889	86
97	90879753	90879753	90879753	90879753	90879753	90879753	90879753	90879753	78
98	103098789	103098789	103098789	103098789	103098789	103098789	103098789	103098789	72
99	116960710	116960710	116960710	116960710	116960710	116960710	116960710	116960710	65
100	132686404	132686404	132686404	132686404	132686404	132686404	132686404	132686404	60
101	150526461	150526461	150526461	150526461	150526461	150526461	150526461	150526461	54
102	170765164	170765164	170765164	170765164	170765164	170765164	170765164	170765164	50
103	193725017	193725017	193725017	193725017	193725017	193725017	193725017	193725017	45
104	219771887	219771887	219771887	219771887	219771887	219771887	219771887	219771887	41
105	249320831	249320831	249320831	249320831	249320831	249320831	249320831	249320831	38
106	282842712	282842712	282842712	282842712	282842712	282842712	282842712	282842712	34
107	320871705	320871705	320871705	320871705	320871705	320871705	320871705	320871705	31
108	364013802	364013802	364013802	364013802	364013802	364013802	364013802	364013802	29
109	412956474	412956474	412956474	412956474	412956474	412956474	412956474	412956474	26
110	468479625	468479625	468479625	468479625	468479625	468479625	468479625	468479625	24
111	531468019	531468019	531468019	531468019	531468019	531468019	531468019	531468019	22
112	602925378	602925378	602925378	602925378	602925378	602925378	602925378	602925378	20
113	683990379	683990379	683990379	683990379	683990379	683990379	683990379	683990379	18
114	775954795	775954795	775954795	775954795	775954795	775954795	775954795	775954795	16
115	880284084	880284084	880284084	880284084	880284084	880284084	880284084	880284084	15
116	998640737	998640737	998640737	998640737	998640737	998640737	998640737	998640737	14
117	1132910773	1132910773	1132910773	1132910773	1132910773	1132910773	1132910773	1132910773	13
118	1285233790	1285233790	1285233790	1285233790	1285233790	1285233790	1285233790	1285233790	11
119	1458037062	1458037062	1458037062	1458037062	1458037062	1458037062	1458037062	1458037062	10
120	1654074217	1654074217	1654074217	1654074217	1654074217	1654074217	1654074217	1654074217	10
121	1876469114	1876469114	1876469114	1876469114	1876469114	1876469114	1876469114	1876469114	9
122	2128765627	2128765627	2128765627	2128765627	2128765627	2128765627	2128765627	2128765627	8
123	2414984109	2414984109	2414984109	2414984109	2414984109	2414984109	2414984109	2414984109	7
124	2739685467	2739685467	2739685467	2739685467	2739685467	2739685467	2739685467	2739685467	7
125	3108043828	3108043828	3108043828	3108043828	3108043828	3108043828	3108043828	3108043828	6
126	3525929000	3525929000	3525929000	3525929000	3525929000	3525929000	3525929000	3525929000	5
127	4000000000	4000000000	4000000000	4000000000	4000000000	4000000000	4000000000	4000000000	5
